359858972931684596467302905970035420915846758096210214104317
166370084590369394226151360520408552445644443438179164900398
378154943279053194525270465456022855170566857226024361895592
828863169461713412808305660237289699575632417915999509968840
498422173903837889112859600542039781652809772030193049847031
643607028330564491356964980395848147881327590867512631322394
866416608709399609377086018657888628969614145903642567611556
122265530974927846346046791608180184863073503473722776436712
944316969899119139137748588119450436434265160790471948017891
789221193000084439803400937714865605180365141081637480013914
573186385587213729559680956323242291129098583722890766542020
781263037033045171265757917552082655185447277616792517690957
150563403855870082018766872197861277450678668337598844221211
089434888878452508023845890107657243270012473603741937816355
754123190439255634325825176453106113415640566539499745279706
263811038794092000508999137436130102219259556028143842558665
024167961836591504764365750260920115636731636339621882227865
677477761865638483800008687206470471833440743409939929065735
446667703862322115477689780147983792569753794490911807940908
794721424704082942229645597779319996335418848758014538284632
777668130768943077692235606700590585375204423066166051614623
720635533131930776110875727264764511291035096559147925663596
430556466447483782787082109283395165118481922233934231515917
819418306420607266774608650438741433891475384355556015794683
871090098662732786857176871130788027919220044192766645547926
