298809318382660952368627705296216335876396713355831484683359
798941765592357035022396358808334419018183457229475714194295
981914767530501396945843779769925002175867168838968916969536
480344522171680179028740703576096218363401608680209114649638
673889815969551945823215618939705986310734057139812573669433
189116782150929805913286928019039569006604790682169470450517
793019296919932417945017699710504937650729338436964966948197
365521508865608589076691326373520419636542023069480254990449
071354973207781468280328144334130113512599785011509676888499
841570617761759307316396552824783639750280635797387375993370
161837401291554514810374961502195428682443810010948703149938
724387254754883395673835326241504167766164070463812136075397
618783017266204159198101694440925641918604669454867733137434
595287376190572048487248361397668231885107850122106614221848
999389254730641429072267766010606073416329570887343316426516
615870312938518221904745403723515855255813269374926698718666
444914113420592293531665331390312286745495460547169667529669
008774484984226909275613511189983309558125976078474273414255
268137140795872391958874492566849820293798169342858241125222
227400621642159336487354206785606219351886406592155074545250
015076657356865737803158779595808462663390723905179125633593
055831193436899500138955842091354519226730823802223587697837
975559065290192077970482065457830969043156018030399858885413
901301861065037144740565554963417370426778767891090682473428
117817762879750824907387312838743856916625028616671964227545
