133540807112071921837945134394228794079161734077905527910810
784259469942163147519536534547786207798609143806471667199884
681302813975536452383362415050048345945422025599051306072767
199689222475918381743384061529372153752044791293634009971803
397690106435739542287717843119340472753511010415620151443156
979391236212791772097683449808486841438673129628453161768402
500496974510605876702751621839832194921163792761534732274729
845845849277144851039662312965948280494862567844701577811015
356024835570910860127069610674465245009603160901582651319564
357963977977869942618634436100452835499606621428434138431925
834649253263047616877150844871447204284355411321436192478111
920530134145308965115616611840170090686718258110758772527371
616666738377388836591259206128805202544202198354846745532440
119768811414067544351972307996172445047766159664706764221169
985042300179494728621297573876180751920573114580069552480053
912534439082358230584999341139414266498523678244644518609002
600795676645280499009368518272724760480780535664556749804984
866005949639877499353142174355424022178040373659517135780210
893285204341697088425095295628772335035089459336451929000844
659676580006798719049047780008784550149974233807847197246163
806037644271845866678952219290940628646210608278579227619998
228488007964765268692963243247645114033330966739787784853162
980753690573822571878580600822409081077399023505523910150111
528865217598458319414748970745490342386667336192135853376923
134382956550070105729487371974730999280224884671509736701242
